0 0.36497395833333335 0.09675925925925925 0.03359375 0.08611111111111111
0 0.5604166666666667 0.06805555555555555 0.027604166666666666 0.05
0 0.6803385416666666 0.13912037037037037 0.020572916666666666 0.04861111111111111
0 0.7561197916666667 0.10046296296296296 0.02890625 0.058333333333333334
0 0.7337239583333334 0.11481481481481481 0.017447916666666667 0.040740740740740744
0 0.8536458333333333 0.10601851851851851 0.03177083333333333 0.05555555555555555
0 0.9385416666666667 0.11134259259259259 0.0234375 0.03935185185185185
0 0.9907552083333333 0.05185185185185185 0.016927083333333332 0.05277777777777778
0 0.76640625 0.3224537037037037 0.0234375 0.05787037037037037
0 0.7888020833333333 0.4354166666666667 0.03958333333333333 0.07824074074074074
0 0.843359375 0.8618055555555556 0.048177083333333336 0.09768518518518518
0 0.801171875 0.9539351851851852 0.04869791666666667 0.0837962962962963
0 0.6854166666666667 0.7129629629629629 0.03802083333333333 0.07592592592592592
0 0.596875 0.7358796296296296 0.042708333333333334 0.08935185185185185
0 0.537890625 0.9395833333333333 0.05546875 0.1125
0 0.192578125 0.9497685185185185 0.062239583333333334 0.09768518518518518
0 0.24596354166666667 0.41805555555555557 0.02890625 0.07037037037037037
0 0.30299479166666665 0.28055555555555556 0.03828125 0.08518518518518518
0 0.450390625 0.23055555555555557 0.040364583333333336 0.08796296296296297
0 0.3829427083333333 0.3368055555555556 0.03046875 0.05694444444444444
0 0.5653645833333333 0.22708333333333333 0.0375 0.08657407407407407
0 0.6734375 0.28541666666666665 0.0296875 0.05416666666666667
0 0.7341145833333333 0.2826388888888889 0.034895833333333334 0.043055555555555555
0 0.5897135416666667 0.5032407407407408 0.040364583333333336 0.09444444444444444
0 0.665625 0.362962962962963 0.03958333333333333 0.08796296296296297
0 0.58984375 0.3414351851851852 0.0296875 0.07175925925925926
0 0.5143229166666666 0.38657407407407407 0.034375 0.07037037037037037
0 0.4686197916666667 0.43148148148148147 0.032552083333333336 0.062037037037037036
0 0.40390625 0.5793981481481482 0.0375 0.07175925925925926
0 0.30221354166666664 0.500462962962963 0.03046875 0.04351851851851852
0 0.35325520833333335 0.49236111111111114 0.03671875 0.059722222222222225
