0 0.2916666666666667 0.2650462962962963 0.03958333333333333 0.07546296296296297
0 0.2615885416666667 0.3474537037037037 0.040364583333333336 0.0837962962962963
0 0.585546875 0.40902777777777777 0.047135416666666666 0.10972222222222222
0 0.7001302083333333 0.4199074074074074 0.03567708333333333 0.07685185185185185
0 0.76640625 0.5085648148148149 0.05260416666666667 0.09212962962962963
0 0.6990885416666667 0.6215277777777778 0.053385416666666664 0.10416666666666667
0 0.8563802083333333 0.9125 0.06015625 0.10648148148148148
0 0.5048177083333333 0.6912037037037037 0.054947916666666666 0.1111111111111111
0 0.45416666666666666 0.5856481481481481 0.041666666666666664 0.08148148148148149
0 0.34296875 0.5884259259259259 0.0359375 0.07314814814814814
0 0.26484375 0.6668981481481482 0.044270833333333336 0.09212962962962963
0 0.417578125 0.8273148148148148 0.03723958333333333 0.07962962962962963
0 0.2638020833333333 0.8273148148148148 0.04635416666666667 0.0962962962962963
0 0.25729166666666664 0.9532407407407407 0.0515625 0.09074074074074075
0 0.08372395833333333 0.9090277777777778 0.06848958333333334 0.15694444444444444
