0 0.9706910889896246 2179 103 55 55
0 0.993124084465439 1331 151 118 118
0 0.9794893206649553 2095 97 93 93
0 0.979318681174548 2569 257 83 83
0 0.9701228076710967 2836 189 84 84
0 0.9977182413379966 1688 437 127 127
0 0.9822879719212066 2103 465 113 113
0 0.9831812244096034 2543 581 101 101
0 0.9845575534064785 1093 581 119 119
0 0.9857856536453475 1418 685 104 104
0 1.0 2209 701 108 108
0 0.9750252820153731 2506 726 131 131
0 0.984073397589296 1730 872 120 120
0 0.9838396165114219 2951 848 161 161
0 0.9858267046962301 903 856 98 98
0 0.9863378778467832 2192 1035 142 142
0 0.9736872248021409 2552 1468 151 151
0 0.9837923205603644 3172 1786 158 158
0 0.9832166425562011 1993 1964 181 181
0 0.9857135352167058 3021 1989 161 161
0 0.9769006092847727 672 1985 168 168
